[[ 25  12   5   0   1   0   1   6   0   1   1   2   0   4   2]   标签0中存在大量标签1中的特征
 [  9 136  16   1   4   2   2  13   3   5  17   5   0  10   2]   1
 [ 10  35 146  16   2   1   7  12   9   4   6  12   0   5  15]   1
 [  1   5  10 175   3   1   7   3   4   1   1   3   0   0   7]
 [  2   4   2   1 150  20   6   6  42   1   5  11   7  15   3]   1
 [  0   3   0   0  13  82   2   7   2   1   8   1   0   0   0]    1
 [  2   4   4   3   8   2 154   4  26   1  17   4   0   4   1]
 [  4  19   3   4   8   2   1 124  15   4   4   3   0   6   3]    1
 [  0   4   9   4  85   4  19  15 166  12   5   7   0   5  21]   标签8 中存在部分标签4的特征
 [  1  11   5   5   6   0   4   7  10 106   2  53   0   4   6]   标签9 中存在部分标签11的特征
 [  2  23  10   5   6  11   4   7   2   2  81  15   0  16   1]    1
 [  5  14   8   8  13   4   2   8   6  35  10 166   0   7   0]    1
 [  0   0   0   0   5   0   0   0   1   0   0   0   6   0   0]    1
 [  2   7   2   0  15   4   2   6   8   1  10   2   0  89   1]    1
 [  1   5  15   8   2   1   2   1  12   2   3   2   0   4 120]]   1


 可以尝试获取标签1中的特征排名，然后去除对应标签0与之重复且频率较高的部分
 8， 4
 9， 11
 和上面类似以此类推。